badcfegecdb
abcdefafgcbd

#
6
1 3 5 7 9 10
2 4 6 9 10 12
bdfgcd 
bdfgcd 

## тоже верно
2 4 6 7 9  11
1 3 5 9 10 11
a c e g c  b
a c e g c  b

 _  a  b  c  d  e  f  a  f  g  c  b  d
[0, 0, 0, 0, 0, 0, 0, 0, 0, 0, 0, 0, 0], _
[0, 0, 1, 1, 1, 1, 1, 1, 1, 1, 1, 1, 1], b
[0, 1, 1, 1, 1, 1, 1, 2, 2, 2, 2, 2, 2], a
[0, 1, 1, 1, 2, 2, 2, 2, 2, 2, 2, 2, 3], d
[0, 1, 1, 2, 2, 2, 2, 2, 2, 2, 3, 3, 3], c
[0, 1, 1, 2, 2, 2, 3, 3, 3, 3, 3, 3, 3], f
[0, 1, 1, 2, 2, 3, 3, 3, 3, 3, 3, 3, 3], e
[0, 1, 1, 2, 2, 3, 3, 3, 3, 4, 4, 4, 4], g
[0, 1, 1, 2, 2, 3, 3, 3, 3, 4, 4, 4, 4], e
[0, 1, 1, 2, 2, 3, 3, 3, 3, 4, 5, 5, 5], c
[0, 1, 1, 2, 3, 3, 3, 3, 3, 4, 5, 5, 6], d
[0, 1, 2, 2, 3, 3, 3, 3, 3, 4, 5, 6, 6]  b

#############
abcd
cxbydz

##
2
3 4
1 5
