10 100
-971 -955 -949 -904 -871 -871 -834 -819 -809 -799 -777 -760 -743 -739 -727 -720 -677 -667 -662 -648 -639 -630 -619 -619 -614 -605 -556 -540 -529 -528 -521 -517 -422 -397 -334 -314 -312 -261 -247 -219 -202 -178 -114 -48 -47 -35 -28 -17 -5 36 47 82 98 166 202 217 233 247 261 292 293 294 301 326 382 383 403 412 436 466 548 557 623 633 643 664 666 703 719 731 740 770 775 775 787 813 815 817 844 844 872 875 878 913 915 940 940 945 953 987
-1000 -979 -955 -941 -926 -911 -909 -903 -887 -858 -792 -761 -759 -740 -740 -692 -650 -649 -627 -584 -559 -529 -508 -483 -482 -458 -436 -407 -407 -394 -394 -374 -372 -364 -362 -360 -356 -354 -348 -346 -294 -272 -272 -264 -211 -204 -196 -168 -155 -153 -142 -141 -101 -78 -73 -53 -53 -41 4 52 79 85 85 113 138 219 222 249 250 261 274 274 278 281 338 366 411 418 422 439 451 455 461 475 480 481 492 644 650 657 663 670 779 898 909 943 948 976 981 991
-999 -964 -959 -947 -887 -870 -844 -793 -787 -753 -744 -738 -726 -717 -681 -662 -657 -628 -619 -615 -596 -562 -555 -540 -531 -521 -505 -501 -473 -444 -435 -414 -400 -386 -385 -369 -341 -337 -232 -197 -176 -151 -128 -123 -79 -37 -28 -28 -7 58 80 109 154 157 213 226 245 267 277 330 332 333 379 393 398 401 415 423 443 446 472 490 541 556 586 601 612 620 622 669 688 693 700 719 738 742 764 808 811 815 842 845 850 868 895 899 905 945 968 972
-984 -965 -964 -951 -926 -924 -914 -897 -885 -881 -866 -861 -836 -828 -821 -791 -778 -740 -686 -661 -652 -633 -633 -623 -622 -615 -587 -568 -557 -544 -535 -479 -473 -468 -433 -428 -424 -416 -414 -401 -384 -379 -316 -305 -246 -218 -133 -131 -104 -63 -42 -35 -24 -3 23 51 59 117 160 182 207 220 239 243 270 287 294 296 318 347 361 386 418 440 441 446 459 506 555 574 603 605 627 629 676 691 713 715 740 742 743 811 818 823 856 873 919 938 939 987
-996 -975 -972 -922 -904 -895 -870 -837 -822 -777 -769 -765 -763 -746 -738 -713 -710 -694 -652 -648 -626 -604 -538 -506 -506 -496 -444 -408 -404 -400 -381 -370 -358 -328 -300 -286 -281 -270 -270 -239 -196 -191 -185 -145 -116 -89 -44 -40 -3 -2 0 35 39 47 47 50 53 62 147 147 160 173 216 232 243 257 262 387 408 421 465 488 495 507 527 552 556 615 653 656 657 679 695 704 713 721 760 775 779 801 819 823 848 891 910 943 943 947 965 977
-946 -945 -937 -924 -896 -893 -890 -872 -837 -809 -723 -723 -696 -661 -645 -623 -555 -548 -530 -512 -505 -493 -488 -460 -426 -417 -408 -400 -398 -375 -374 -344 -323 -295 -232 -210 -183 -140 -105 -101 -89 -83 -68 -53 -51 -47 -45 -30 -12 -9 10 14 23 23 99 143 236 237 241 261 300 314 329 347 352 367 387 413 419 467 472 501 571 602 625 627 634 664 670 680 683 717 734 745 750 765 783 790 791 793 811 813 824 833 850 857 925 940 967 996
-970 -944 -913 -911 -881 -866 -863 -778 -768 -731 -728 -694 -693 -686 -660 -644 -637 -624 -619 -614 -558 -547 -519 -500 -469 -462 -454 -437 -425 -410 -398 -398 -391 -383 -381 -363 -339 -313 -235 -224 -209 -193 -146 -122 -118 -114 -104 -100 -91 -81 -73 -55 -45 14 15 21 51 52 89 91 144 174 183 224 226 255 261 307 311 346 387 391 402 436 463 476 481 545 558 579 585 622 632 669 720 743 744 752 779 783 794 801 808 843 873 884 886 962 966 998
-961 -954 -951 -910 -893 -882 -864 -839 -820 -809 -793 -777 -765 -735 -726 -725 -691 -686 -658 -639 -633 -633 -629 -589 -575 -531 -508 -497 -474 -390 -371 -361 -344 -343 -300 -289 -272 -251 -220 -190 -170 -130 -69 -28 -17 -15 26 67 94 99 111 125 135 176 177 225 253 283 284 284 295 304 314 320 345 383 418 437 439 447 466 471 499 513 589 599 618 618 632 649 687 705 717 792 808 816 826 833 847 852 862 864 888 897 902 954 962 975 982 983
-1000 -983 -982 -977 -956 -932 -930 -907 -894 -859 -857 -816 -784 -780 -771 -760 -747 -746 -728 -693 -688 -680 -600 -589 -585 -576 -564 -545 -493 -451 -431 -405 -395 -392 -385 -360 -347 -334 -326 -324 -317 -259 -220 -219 -203 -160 -156 -147 -95 -92 -74 -29 -28 -23 6 28 67 79 91 121 173 173 181 251 256 298 313 331 344 353 353 355 362 379 380 385 399 418 448 515 529 541 565 714 733 755 777 789 810 811 869 887 903 924 949 949 958 970 976 993
-970 -950 -946 -935 -925 -902 -877 -876 -873 -847 -833 -798 -741 -734 -727 -723 -684 -645 -582 -571 -554 -539 -471 -462 -414 -412 -355 -348 -291 -286 -280 -248 -226 -223 -205 -187 -181 -166 -157 -151 -50 -37 -36 -21 17 39 48 73 85 96 108 120 138 157 213 246 282 315 325 333 338 342 343 355 358 380 384 386 402 407 414 424 439 461 497 511 527 601 611 634 661 662 679 693 733 750 771 774 790 806 819 819 847 885 923 924 942 957 972 984
