999999900 999999900 999999900
999999939 999999940 999999939
999999900 999999900 999999900
999999903 999999903 999999903
999999917 999999917 999999917
999999903 999999903 999999903
999999995 999999995 999999995
999999904 999999904 999999904
999999987 999999987 999999987
999999919 999999919 999999919
999999918 999999918 999999918
999999907 999999907 999999907
999999900 999999900 999999900
999999913 999999913 999999913
999999905 999999905 999999905
999999921 999999921 999999921
999999900 999999900 999999900
999999924 999999924 999999924
999999912 999999912 999999912
999999924 999999924 999999924
999999902 999999902 999999902
999999902 999999902 999999902
999999906 999999906 999999906
999999910 999999911 999999910
999999927 999999927 999999927
999999912 999999912 999999912
999999955 999999955 999999955
999999917 999999917 999999917
999999902 999999902 999999902
999999993 999999993 999999993
999999908 999999908 999999908
999999919 999999919 999999919
999999906 999999906 999999906
999999900 999999900 999999900
999999908 999999908 999999908
999999900 999999900 999999900
999999913 999999913 999999913
999999997 999999995 999999997
999999960 999999960 999999960
999999905 999999905 999999905
999999906 999999906 999999906
999999901 999999901 999999901
999999917 999999917 999999917
999999901 999999901 999999901
999999901 999999901 999999901
999999913 999999913 999999913
999999918 999999918 999999918
999999903 999999903 999999903
999999911 999999911 999999911
999999902 999999902 999999902
999999955 999999955 999999955
999999906 999999906 999999906
999999994 999999994 999999994
999999908 999999908 999999908
999999996 999999996 999999996
999999901 999999901 999999901
999999961 999999961 999999961
999999972 999999972 999999972
999999912 999999912 999999912
999999913 999999913 999999913
999999931 999999931 999999930
999999962 999999963 999999962
999999907 999999908 999999907
999999932 999999932 999999932
999999916 999999916 999999916
999999903 999999903 999999903
999999904 999999904 999999904
999999911 999999911 999999911
999999907 999999907 999999907
999999906 999999906 999999906
999999919 999999920 999999920
999999931 999999931 999999931
999999911 999999911 999999911
999999923 999999923 999999923
999999922 999999922 999999922
999999928 999999928 999999928
999999999 999999999 999999999
999999900 999999900 999999900
999999917 999999917 999999917
999999951 999999951 999999951
999999925 999999925 999999925
999999980 999999980 999999980
999999993 999999993 999999993
999999927 999999927 999999927
999999923 999999923 999999923
999999993 999999991 999999991
999999942 999999942 999999942
999999917 999999916 999999920
999999901 999999901 999999901
999999906 999999906 999999906
999999903 999999903 999999903
999999908 999999908 999999908
999999922 999999922 999999922
999999916 999999915 999999916
999999923 999999923 999999923
999999904 999999904 999999904
999999919 999999919 999999919
999999901 999999901 999999901
999999902 999999902 999999902
999999920 999999920 999999920
