617 628 641
620 641 637
517 522 520
302 42 173
484 489 488
890 901 903
506 502 507
834 781 793
583 535 556
507 513 505
500 547 525
78 123 92
365 364 360
266 263 265
301 302 305
167 196 183
185 206 191
115 158 198
454 453 451
368 368 373
237 236 238
927 916 920
805 813 805
931 906 878
776 793 805
942 922 925
995 996 983
275 291 282
333 532 684
391 400 392
934 934 936
644 626 630
147 127 140
373 362 366
452 457 482
102 89 100
354 339 365
640 562 486
745 769 794
814 814 808
305 270 283
63 56 46
294 332 285
344 342 341
955 943 930
523 554 555
626 622 624
874 884 867
938 904 901
53 160 127
756 802 808
8 15 18
666 665 663
505 530 506
857 858 850
921 912 903
724 728 727
828 805 816
126 131 97
674 674 669
81 59 45
360 370 364
644 653 653
768 782 788
149 148 153
929 954 939
55 43 44
324 293 257
747 749 752
612 603 618
354 351 336
218 225 211
341 336 329
850 821 838
179 187 181
120 125 121
28 38 42
518 507 496
765 757 741
240 229 240
490 493 487
477 477 467
672 650 629
663 606 639
290 288 282
38 25 12
19 27 2
507 493 498
986 774 869
932 924 925
344 345 340
846 881 865
356 342 369
838 860 880
866 867 872
103 121 139
178 178 172
150 146 144
656 669 604
262 233 247
