858553901 858553154 858553858
861404966 861405048 861404924
836603868 836603754 836606493
471837864 471837458 471839018
424019572 424021872 424023329
989561454 989522619 989649150
686707684 704709788 701386906
675744367 679279142 668089605
848521949 863612552 835075736
714778257 649166427 671143556
743197633 962330814 856917760
980803550 987466529 965877549
616981950 604843321 581496740
525787516 539267724 546280260
46962141 80486334 58941869
913333846 885581247 913736063
751370828 726072339 714952983
742831748 771318177 757271405
347152061 326409779 351644186
450224023 459501237 455219865
276008593 277038096 249607628
382090353 352506609 372429433
407011944 409422020 406684428
169482030 169410988 173128204
548288780 556380556 528505749
233255058 218396465 215720811
139432408 133320385 126328363
969461083 987142350 968870492
637775567 656518026 626761809
329938419 333466394 336621073
757181442 773131567 733875327
870665020 857775732 874808877
878770170 888405211 861560100
164843602 166823223 183396071
357968460 375868806 389567375
490301839 503154932 513665783
677196437 708435971 678989418
128937134 128885900 111020629
830344567 827994368 839813245
156103682 132864902 148587515
281084334 266069481 281449392
820472121 799859191 825313066
151622053 170473546 179873358
565118514 578414252 561465724
650621616 660061123 647873541
736506148 736816842 745871282
27542278 38371328 61774739
673429979 659307558 677772957
134194377 126739317 129216949
179124405 196112534 196881647
329457975 325062321 330511712
116229297 132014416 130201792
310923122 301478925 308724412
252956350 241713025 263528097
535627540 558084555 567270043
83045802 75473399 73771100
654802241 645304519 636870791
829805656 822190925 841228352
209171886 219858833 239242699
587271215 591414429 593073964
123263949 111827978 107176379
424188965 458658617 448573745
590190199 613893822 605844542
623246762 611953112 609430761
445638016 440741479 462955396
408181076 407469012 406020717
176326546 167518517 156573885
432084483 444455070 431559460
753576026 745197524 727070131
661585866 669333429 664397553
57613867 72127690 62161812
206380539 217517674 209481961
844233335 834216586 859775347
104443181 111560769 103235241
967632385 975134355 993961958
335168975 330918470 341594685
349290172 373731579 361490551
29402720 57163918 55589041
833876342 844704969 845987571
789049998 796629293 796789510
475415211 492764361 469574962
121489990 108611109 133098842
426129318 412310455 434957878
669838018 677672129 644530959
344056525 369253754 344307606
527638455 548340452 527340945
595600671 592408420 586976714
327583209 344785106 337812440
649906266 649416217 654670564
282792956 272773562 282930700
983715141 978669194 972505939
781599004 781734747 784421509
258713550 217725003 239185461
365568510 357075281 365190795
676917227 694442065 707917831
664907502 690571723 683339038
900128618 918208113 893176375
821740895 837544841 838522916
734148528 753759591 760972303
733988560 741729129 744731719
