315 337 346
194 533 902
756 556 378
652 427 214
213 528 848
37 525 989
401 288 194
702 227 879
805 832 901
809 404 22
494 622 753
832 886 988
705 595 467
287 574 809
420 415 394
367 679 899
295 453 637
889 909 911
785 504 240
258 351 425
364 698 862
646 639 818
454 531 605
544 633 724
409 213 21
693 346 26
592 330 65
61 62 38
183 539 888
90 170 268
595 501 394
863 554 228
180 554 176
509 570 684
277 282 301
289 594 894
727 378 48
384 574 514
481 726 971
185 444 705
383 594 804
648 409 175
328 508 640
494 413 341
610 566 515
296 335 352
508 344 88
102 415 706
640 520 409
738 529 331
396 623 522
750 668 587
768 452 135
781 525 274
40 474 912
778 636 490
474 255 37
840 888 934
356 409 465
549 399 254
773 406 47
872 698 517
499 447 246
670 494 363
961 465 44
975 689 461
514 368 248
159 226 262
793 667 542
360 521 693
448 605 736
100 505 877
331 262 198
809 470 457
174 97 18
657 703 776
768 464 164
785 893 934
712 420 176
111 438 778
462 691 906
521 332 148
163 178 192
372 357 369
468 650 835
970 779 592
657 676 694
956 471 53
263 389 511
702 438 182
115 534 973
187 367 552
224 499 840
217 292 381
277 429 587
476 658 880
63 71 83
457 589 715
880 771 87
836 698 528
