100
1 42 1
315
104 222 96 273 436 384 186 818 593 701 723 291 423 18 180 722 661 699 1 260 903 470 922 2 422 987 431 431 318 163 384 993 249 905 450 977 616 177 69 497 337 236
346
1 56 1
194
797 39 923 706 583 218 668 867 12 157 954 117 894 685 428 779 518 973 612 410 915 817 384 900 19 462 775 481 533 613 258 165 401 447 109 652 965 107 121 73 652 26 575 878 757 779 331 614 622 34 578 478 842 99 281 827
902
1 55 1
756
81 351 536 186 657 556 603 675 766 162 129 471 50 767 525 905 420 186 435 781 986 23 962 252 697 479 101 229 695 804 664 194 2 110 520 628 457 69 99 236 752 507 335 48 681 453 55 317 861 478 303 39 219 712 880
378
1 72 1
652
468 788 88 962 508 868 569 180 251 27 137 965 364 640 463 474 731 61 350 335 106 267 886 120 631 536 46 195 587 567 765 520 21 562 769 73 716 221 959 196 219 930 512 274 911 285 860 427 909 516 208 560 398 629 651 453 140 524 551 601 414 543 795 803 287 903 317 691 741 53 101 930
214
1 40 1
213
286 499 46 249 341 193 567 38 528 684 1 957 703 320 897 670 501 525 227 727 353 442 875 900 16 912 833 230 757 698 679 913 703 944 1000 988 373 331 958 421
848
1 44 1
37
900 862 479 837 486 827 159 107 987 398 861 434 316 629 840 961 949 470 271 892 799 299 923 455 660 346 1000 617 613 246 442 683 895 525 93 908 940 839 460 738 69 472 459 495
989
1 96 1
401
570 244 984 260 820 840 591 591 854 874 503 477 7 63 444 525 962 170 860 97 427 19 801 443 420 819 443 166 172 331 288 98 341 380 761 186 352 513 234 608 200 544 277 449 287 376 773 474 65 933 770 329 499 942 285 265 967 248 593 469 567 643 316 525 84 18 625 886 402 168 452 84 281 998 313 883 195 601 561 219 877 88 385 562 436 27 465 307 133 382 54 900 496 885 389 877
194
1 1 1
702
227
879
1 84 1
805
576 438 678 308 51 490 911 175 222 832 940 361 582 137 699 919 400 322 222 744 14 724 642 9 664 304 460 721 682 335 567 622 500 907 226 363 175 566 415 39 634 749 647 730 348 800 624 806 741 769 936 712 381 310 531 754 478 21 473 14 141 187 227 529 978 832 155 17 386 931 651 268 418 566 158 415 772 429 483 288 918 897 585 65
901
1 20 1
809
567 900 345 18 999 46 328 88 320 404 379 456 822 584 228 994 751 287 589 199
22
1 57 1
494
771 528 842 72 790 758 622 700 635 542 13 496 925 496 384 472 617 100 821 18 450 225 909 828 389 999 667 709 19 229 703 132 132 576 952 665 696 25 737 590 656 522 98 514 4 677 727 362 190 936 85 436 852 104 681 73 555
753
1 6 1
832
575 936 886 758 620 777
988
1 85 1
705
936 510 688 454 18 969 228 192 108 181 280 419 734 824 595 167 464 379 894 248 694 348 421 7 301 9 677 22 25 560 927 209 741 523 375 200 613 89 649 121 83 640 689 306 917 86 845 188 927 624 433 459 811 841 694 489 297 51 113 515 356 436 516 884 267 712 611 317 889 788 525 318 442 227 612 77 90 705 571 453 163 300 883 619 794
467
1 10 1
287
144 886 712 270 391 813 273 574 711 10
809
1 36 1
420
568 693 858 497 507 737 720 343 830 415 357 641 854 658 621 667 504 439 252 511 18 541 738 265 299 744 338 507 251 114 484 517 317 791 322 205
394
1 20 1
367
546 100 986 302 739 581 783 58 114 1 398 875 89 414 679 898 570 450 185 807
899
1 30 1
295
316 492 367 517 481 616 453 479 549 810 358 697 888 809 865 388 720 137 263 46 517 575 175 120 509 160 21 228 803 383
637
1 97 1
889
91 47 222 643 995 628 574 356 545 233 709 370 842 357 909 760 530 171 238 831 471 424 117 194 696 56 46 880 304 368 567 187 330 310 347 597 298 332 336 122 798 412 270 424 24 381 996 379 97 948 944 765 747 622 386 74 938 273 653 442 513 427 116 184 325 594 229 519 648 2 477 413 100 5 536 199 529 636 874 123 597 548 519 853 815 220 668 833 712 443 456 991 863 14 274 333 184
911
1 42 1
785
345 352 279 327 224 67 562 973 285 494 212 375 298 755 112 701 15 75 726 72 362 164 119 822 6 470 711 409 71 605 311 694 504 113 699 128 425 401 430 341 408 446
240
1 90 1
258
934 790 587 270 637 287 380 557 542 20 870 294 692 606 553 592 684 149 434 749 667 367 748 115 223 79 760 239 918 509 811 24 699 415 254 365 751 420 667 149 491 193 739 754 484 82 156 128 383 998 88 863 948 983 985 770 736 757 288 748 434 615 84 351 495 325 416 240 152 500 950 258 673 63 431 749 813 470 596 259 845 766 406 503 279 181 266 122 763 127
425
1 1 1
364
698
862
1 4 1
646
180 639 953 107
818
1 93 1
454
604 196 944 640 362 960 520 107 589 269 693 506 817 32 47 581 782 687 205 671 216 367 283 583 692 349 5 760 239 381 682 679 385 536 508 642 638 950 531 992 741 384 377 584 818 784 632 225 38 423 496 923 750 387 605 185 25 996 805 548 890 65 14 413 294 571 334 862 959 261 604 917 935 638 564 518 305 830 809 924 80 713 594 964 499 314 886 175 280 159 156 281 453
605
1 46 1
544
97 57 185 833 872 712 574 613 329 224 537 157 300 906 209 359 208 806 155 633 572 260 127 157 720 13 805 61 190 637 888 764 226 119 536 615 385 884 774 582 205 498 424 347 910 750
724
1 45 1
409
570 826 900 681 360 213 738 427 414 793 111 774 307 245 436 823 185 540 78 611 232 140 696 672 971 835 940 69 194 494 301 819 971 379 564 331 469 310 526 686 618 577 910 748 984
21
1 12 1
693
705 458 765 265 758 510 346 512 448 41 502 654
26
1 51 1
592
280 111 456 771 521 95 203 181 966 384 318 163 289 782 8 914 61 570 88 567 350 330 79 8 547 711 866 976 310 562 323 379 380 595 822 942 999 952 201 721 344 47 533 133 970 288 498 84 827 690 790
65
1 64 1
61
615 864 645 475 927 848 889 817 555 693 933 99 477 345 593 453 551 952 214 421 245 104 517 843 541 314 167 399 891 169 223 109 657 622 556 94 940 230 19 926 457 688 681 550 190 167 549 86 814 144 708 329 324 824 62 132 249 494 342 532 624 720 439 27
38
1 46 1
183
406 724 223 843 938 708 987 176 516 171 375 889 667 819 539 884 726 98 322 922 49 704 373 943 737 651 244 897 552 764 72 973 438 802 280 756 452 541 110 789 670 365 620 309 284 721
888
1 97 1
90
628 649 664 878 196 560 365 963 166 228 542 447 354 425 488 132 433 461 318 618 370 607 897 290 269 568 279 597 775 512 878 991 444 775 603 379 586 930 155 820 657 861 354 254 265 123 170 119 437 63 443 213 115 205 425 948 317 475 404 620 817 613 992 197 620 522 732 961 438 945 904 884 935 143 711 242 568 584 996 573 444 734 729 441 20 931 827 831 273 120 577 2 45 664 875 825 739
268
1 29 1
595
895 919 907 341 407 599 113 436 242 347 146 168 748 260 144 798 745 430 542 100 989 699 501 91 213 831 170 73 954
394
1 66 1
863
554 283 207 305 25 315 280 189 507 903 87 960 965 632 425 93 119 586 33 219 589 844 584 201 527 831 615 415 694 100 848 115 78 567 850 580 603 162 490 142 380 223 110 530 861 846 238 265 640 927 412 270 531 453 90 253 605 424 634 668 561 805 768 428 493 867
228
1 1 1
180
554
176
1 35 1
509
525 324 741 310 895 360 519 841 164 190 687 1000 776 152 740 95 999 996 272 570 475 890 748 345 637 210 630 68 318 539 336 536 656 38 990
684
1 65 1
277
188 343 986 884 429 701 941 626 375 399 394 394 829 416 882 532 609 921 549 666 139 896 708 787 795 810 711 38 303 924 239 153 265 387 282 806 353 708 569 14 530 437 247 760 427 65 160 402 228 891 115 344 147 954 678 907 410 747 997 72 919 981 574 369 536
301
1 77 1
289
925 49 467 217 386 640 873 2 299 455 931 581 805 442 192 820 594 178 361 117 546 367 561 447 355 331 587 360 923 258 399 169 21 717 517 505 800 86 125 142 8 382 488 803 46 538 846 307 163 684 413 820 317 118 426 518 339 401 112 90 363 691 610 408 621 175 950 816 140 143 913 578 873 4 1 906 307
894
1 75 1
727
289 84 223 569 518 327 859 608 978 838 601 378 453 313 97 659 530 762 122 478 745 810 627 253 217 844 247 193 200 430 840 501 944 745 206 485 209 614 229 940 669 448 496 362 891 344 557 797 651 595 663 335 179 128 794 533 132 430 607 343 492 35 524 795 440 271 14 612 518 814 917 945 733 484 157
48
1 18 1
384
63 887 574 670 977 643 602 311 918 5 174 693 1 868 645 597 732 202
514
1 30 1
481
402 654 270 571 271 827 43 109 690 584 466 252 776 655 861 983 441 75 283 360 246 540 989 488 663 65 390 726 489 64
971
1 20 1
185
55 171 660 454 776 333 524 136 444 808 378 914 244 469 504 333 562 758 25 659
705
1 77 1
383
789 837 256 770 891 684 947 396 152 153 744 620 285 390 413 122 378 662 175 255 512 783 80 959 666 915 210 444 641 162 57 504 822 45 206 902 475 953 623 758 699 445 876 339 560 890 821 859 531 951 848 930 341 630 934 859 892 567 941 965 906 294 728 797 528 915 594 998 895 686 153 226 631 125 943 139 200
804
1 66 1
648
968 475 514 192 549 187 10 280 880 736 211 3 584 539 613 684 471 444 61 481 678 35 216 909 581 862 370 217 887 908 751 262 843 404 121 409 752 459 760 651 848 312 183 572 357 462 507 356 714 717 303 846 296 757 666 849 800 713 562 620 248 500 682 61 15 898
175
1 6 1
328
508 737 995 604 973 964
640
1 78 1
494
170 855 876 397 546 20 583 72 564 712 508 838 268 544 669 530 784 625 801 840 344 39 166 379 260 739 679 816 879 295 40 457 921 866 830 143 211 91 812 655 827 331 56 887 120 668 563 910 199 7 951 413 867 727 284 518 116 264 483 879 310 675 700 995 402 545 866 397 161 721 691 882 837 888 606 706 130 996
341
1 37 1
610
90 614 553 478 494 503 442 636 147 925 709 789 368 671 202 484 566 425 195 913 365 580 460 747 724 727 845 486 484 11 118 317 555 604 576 993 848
515
1 87 1
296
442 999 747 421 768 856 779 206 477 66 659 261 401 564 936 201 707 251 399 854 198 148 114 505 969 48 8 658 890 78 968 763 622 711 562 984 743 803 434 860 611 625 658 819 836 515 139 415 426 752 47 761 881 90 422 161 784 456 386 881 48 167 937 715 764 969 952 699 907 151 895 488 136 762 76 155 618 861 903 218 133 335 295 639 796 381 32
352
1 12 1
508
354 636 175 667 521 344 696 356 457 193 724 204
88
1 79 1
102
879 939 832 456 991 165 491 993 592 758 979 782 113 148 838 684 139 237 928 137 176 848 45 739 766 200 974 945 765 205 746 100 675 376 124 785 802 611 546 702 919 564 53 494 267 388 196 347 534 727 4 855 167 186 739 415 592 700 586 925 222 995 943 704 799 148 730 634 204 935 256 174 518 492 707 924 61 494 515
706
1 94 1
640
750 27 281 32 141 30 314 945 170 245 503 231 389 459 246 648 586 267 272 213 857 901 432 787 787 957 716 189 236 393 558 272 140 504 861 562 743 378 900 336 268 831 36 979 883 176 317 534 152 388 520 815 596 720 80 919 474 63 358 320 751 849 580 162 482 251 785 1 580 627 803 511 169 445 331 578 908 967 218 337 609 750 186 952 243 619 759 214 806 910 700 359 246 957
409
1 27 1
738
98 334 181 179 690 380 507 768 30 971 117 209 109 529 461 755 821 746 10 305 122 482 383 217 742 479 385
331
1 5 1
396
623 195 788 25 924
522
1 91 1
750
493 271 637 645 605 254 824 397 376 3 127 786 86 546 594 413 26 430 233 960 445 578 534 749 526 448 538 479 271 723 523 872 268 663 854 945 578 713 487 320 321 64 547 763 576 627 38 964 348 380 213 957 772 538 674 410 668 756 624 125 596 345 42 541 309 277 836 520 407 958 637 847 289 581 776 489 23 519 765 959 233 931 561 191 574 62 311 84 540 322 81
587
1 61 1
768
732 942 482 511 442 442 222 790 134 364 978 655 839 420 221 452 231 782 383 955 382 195 273 785 953 373 418 787 299 819 87 927 606 332 789 745 77 817 342 529 817 371 927 66 422 460 98 78 50 393 108 981 49 125 212 372 696 985 671 937 452
135
1 81 1
781
857 939 94 495 842 997 432 662 168 813 335 540 870 345 533 545 499 120 492 503 229 49 188 930 859 82 849 412 492 838 872 861 785 480 679 351 76 900 70 295 460 997 318 759 166 265 868 881 50 672 609 710 159 771 481 909 859 114 926 367 842 254 841 878 898 421 525 6 114 475 472 4 765 901 86 123 287 746 755 557 794
274
1 66 1
40
76 397 922 308 695 796 243 633 957 22 24 813 556 728 871 607 993 208 168 474 253 194 460 144 400 2 802 954 396 83 909 971 969 62 318 221 40 46 97 379 598 528 286 197 616 433 695 882 182 567 929 376 445 785 49 278 388 299 788 747 546 465 786 272 978 260
912
1 61 1
778
536 619 809 713 488 957 196 926 73 321 654 467 50 83 76 330 443 173 444 405 666 995 347 273 147 365 452 63 905 402 213 680 68 477 292 245 907 927 919 976 737 401 976 547 644 819 935 51 280 494 945 600 98 427 639 636 48 798 585 613 694
490
1 73 1
474
53 21 10 105 204 146 404 287 825 20 843 577 909 488 770 756 111 466 632 965 990 281 651 944 808 255 704 307 435 88 457 718 160 366 280 49 983 959 728 274 366 380 138 609 179 118 325 754 441 583 943 567 183 986 144 487 443 777 814 655 30 57 498 315 513 348 545 834 6 234 735 291 249
37
1 95 1
840
877 837 539 74 588 51 229 925 387 880 352 838 593 828 280 200 434 768 341 978 714 335 532 977 575 440 824 875 539 815 463 874 598 231 537 104 858 375 3 925 160 222 146 635 888 668 139 10 661 934 359 805 151 885 76 55 18 484 575 659 300 13 172 392 260 511 96 269 894 189 374 918 619 358 198 331 749 516 52 425 135 387 308 88 851 313 419 345 918 716 40 769 670 388 706
934
1 47 1
356
323 938 82 285 968 27 799 379 892 416 727 155 373 211 727 256 963 133 364 257 253 675 377 793 300 170 803 264 248 891 687 74 990 242 355 788 987 121 409 423 978 204 551 755 649 17 348
465
1 98 1
549
949 462 805 910 603 369 4 251 173 263 446 667 859 929 164 593 240 829 112 683 242 748 473 237 152 521 375 327 781 592 648 399 929 680 825 964 806 878 944 833 423 976 366 794 525 539 498 871 731 810 513 754 713 532 225 437 871 872 788 685 215 135 626 773 477 29 192 329 730 526 205 776 195 282 650 132 88 532 345 770 833 853 78 112 835 983 195 376 136 649 424 24 549 870 263 458 948 698
254
1 62 1
773
859 187 679 223 869 41 24 45 638 828 745 686 979 507 91 403 560 496 672 838 163 922 923 203 979 436 418 991 59 987 146 877 334 245 13 759 48 52 170 578 663 321 850 258 829 406 874 180 635 708 610 539 403 355 305 625 186 488 602 767 640 872
47
1 98 1
872
224 106 284 376 995 698 149 29 200 971 551 906 435 492 350 914 465 380 91 899 447 485 372 381 899 155 454 910 60 109 10 339 342 71 150 260 493 513 322 77 35 416 506 645 788 799 748 797 726 834 383 935 791 974 44 375 878 912 840 386 20 273 231 586 163 602 5 988 92 762 717 807 375 169 349 512 291 400 144 886 526 200 443 375 910 579 828 13 893 506 755 617 467 988 237 410 813 880
517
1 32 1
499
590 969 162 633 719 851 3 144 626 811 538 258 576 503 447 928 282 635 502 43 790 742 644 247 534 87 797 92 795 256 119 638
246
1 50 1
670
818 109 743 651 115 806 688 494 655 686 707 91 588 384 779 364 296 932 67 987 342 52 907 163 885 683 60 748 284 10 378 289 98 97 808 560 1 462 946 749 227 260 971 187 844 419 239 432 983 360
363
1 17 1
961
302 687 73 991 619 13 802 815 804 384 794 41 650 465 607 428 961
44
1 36 1
975
556 661 911 317 141 301 205 352 954 184 800 298 995 589 40 396 369 381 571 783 502 364 824 888 212 689 686 313 351 312 785 914 767 22 571 175
461
1 91 1
514
100 69 474 887 472 110 548 468 947 945 93 368 407 395 289 290 237 456 413 426 140 712 832 831 920 737 505 894 859 202 658 852 26 313 946 600 366 761 169 183 955 492 884 293 45 305 488 693 838 546 323 965 916 453 958 217 407 637 134 891 80 964 146 660 989 615 519 810 818 774 639 653 249 998 361 647 978 357 625 256 909 890 88 587 340 150 814 49 622 715 356
248
1 43 1
159
306 901 709 897 375 256 379 267 970 829 960 876 554 500 417 816 89 434 256 497 488 711 158 226 746 543 773 881 545 727 531 137 173 845 328 785 27 764 592 989 906 267 308
262
1 37 1
793
307 408 542 889 12 347 690 929 742 804 294 698 957 87 59 782 913 900 667 791 153 885 331 262 196 365 466 59 730 481 460 718 610 86 48 577 525
542
1 26 1
360
371 544 230 3 988 521 594 551 108 301 149 520 366 459 692 431 399 654 931 823 694 388 431 705 584 243
693
1 14 1
448
254 455 349 255 279 138 950 949 808 605 1 266 328 255
736
1 5 1
100
591 719 159 535 505
877
1 33 1
331
255 128 214 41 463 431 862 113 223 771 606 236 379 334 142 113 561 896 89 899 824 511 218 982 242 434 394 262 981 506 422 620 743
198
1 10 1
809
470 194 177 922 440 87 833 104 932 80
457
1 89 1
174
940 872 231 28 906 246 632 329 126 750 653 439 37 223 274 643 487 19 584 563 912 776 741 549 667 376 672 538 35 64 775 857 472 365 255 295 602 418 487 828 30 670 258 922 410 371 951 247 478 9 6 97 48 353 721 169 668 838 989 424 247 501 868 942 142 893 929 553 872 129 639 475 564 427 797 884 872 563 82 214 896 773 265 576 975 312 425 698 957
18
1 23 1
657
570 761 914 572 113 190 430 584 419 703 70 759 644 730 237 579 167 141 915 785 196 779 1
776
1 24 1
768
168 260 548 391 987 213 944 222 828 824 496 827 505 631 63 208 379 350 258 792 450 464 265 322
164
1 21 1
785
90 932 820 990 650 974 236 997 671 364 592 925 205 627 357 347 205 627 720 893 142
934
1 18 1
712
764 315 638 260 469 313 169 985 898 705 565 208 371 530 332 723 420 337
176
1 71 1
111
502 261 926 438 779 192 153 258 427 875 328 117 294 890 53 318 983 518 342 49 110 313 967 630 111 519 59 374 676 96 799 527 28 722 747 48 902 587 246 280 278 731 853 281 627 512 711 42 74 116 456 339 795 641 104 177 414 525 231 993 73 472 632 105 545 778 79 522 986 114 856
778
1 13 1
462
718 876 340 988 783 496 499 510 467 216 745 691 259
906
1 67 1
521
222 283 186 867 359 47 380 466 749 556 589 239 175 262 419 682 56 942 177 326 228 94 732 82 54 918 314 923 823 68 449 332 757 271 530 880 350 884 728 542 415 889 841 130 981 727 488 109 767 510 755 67 470 488 136 82 883 375 343 618 419 242 276 992 153 442 357
148
1 80 1
163
523 887 149 375 332 260 223 33 421 310 235 593 398 287 548 292 619 378 975 116 113 279 204 950 934 872 207 557 498 227 93 916 853 760 333 536 262 178 780 187 318 786 221 605 103 399 947 813 548 362 916 62 70 350 373 797 719 93 980 14 175 549 310 630 713 705 213 242 2 364 261 639 421 192 67 731 973 789 330 249
192
1 64 1
372
483 18 238 458 596 808 867 708 574 96 572 139 750 841 866 169 390 523 624 960 234 986 656 485 11 157 435 469 765 450 926 538 203 128 16 393 251 560 791 164 139 952 795 575 970 221 18 233 668 261 403 209 253 991 814 626 959 559 336 357 479 402 580 529
369
1 69 1
468
614 752 491 727 210 334 689 507 62 152 661 547 429 355 269 5 373 243 609 45 910 875 605 183 280 994 640 617 485 465 615 931 272 841 470 855 969 370 556 243 255 678 570 789 64 973 433 566 728 697 341 239 35 65 729 928 888 650 576 464 733 209 749 134 785 950 448 518 578
835
1 71 1
970
67 817 698 516 375 772 572 445 298 147 501 309 213 375 39 946 711 193 205 609 904 655 77 803 166 104 697 276 881 386 641 455 557 344 198 381 108 146 797 700 565 340 830 932 5 592 216 997 184 872 250 44 604 419 569 44 587 201 609 633 643 314 618 184 163 824 465 779 52 181 903
592
1 74 1
657
989 623 182 646 336 41 360 918 941 638 855 165 707 333 639 159 398 1 827 683 394 468 775 131 755 809 295 847 35 422 447 73 737 336 231 611 122 49 515 388 975 676 549 194 259 537 831 954 471 308 633 955 108 552 331 8 549 113 296 12 318 583 871 399 308 334 838 879 619 835 94 202 926 9
694
1 14 1
956
997 154 471 815 675 320 233 594 607 741 643 469 778 103
53
1 32 1
263
256 245 158 771 253 627 461 104 973 777 713 599 491 389 579 182 640 121 463 937 391 715 153 609 364 639 648 437 18 304 139 876
511
1 51 1
702
196 242 990 33 426 599 432 752 845 14 164 18 744 391 103 399 449 539 688 321 278 32 914 501 1 607 580 585 924 3 438 51 368 264 95 587 767 741 785 350 402 407 182 793 92 244 596 238 245 897 3
182
1 92 1
115
770 274 10 104 276 293 305 568 124 50 534 296 828 197 862 682 911 650 896 63 9 633 950 512 674 61 176 648 137 558 875 666 861 281 913 626 959 225 50 451 587 109 617 781 669 814 753 808 209 274 742 649 179 762 1000 760 756 596 329 364 710 198 264 899 623 952 894 506 913 420 510 254 706 13 386 508 455 833 192 179 779 445 715 820 189 156 502 75 984 922 739 533
973
1 94 1
187
955 989 229 286 186 208 141 668 262 86 899 428 965 958 408 218 157 420 35 829 266 564 20 474 324 626 367 441 705 741 922 37 270 346 29 642 86 548 477 542 772 833 285 233 979 807 179 361 904 189 786 182 968 535 344 957 955 882 206 320 709 653 39 282 29 128 103 65 420 502 754 780 331 278 863 715 225 704 903 917 136 650 453 788 843 466 291 254 734 166 158 429 970 31
552
1 32 1
224
759 32 659 272 704 847 594 499 612 690 404 817 946 434 367 128 843 974 738 464 584 464 307 299 756 285 678 152 348 470 810 107
840
1 30 1
217
396 561 350 482 203 863 228 899 50 743 823 688 238 849 644 712 957 941 338 569 928 175 292 201 481 958 500 32 637 787
381
1 33 1
277
751 535 350 389 916 580 535 759 573 774 429 691 985 40 808 302 336 458 764 511 40 215 340 951 203 165 535 565 477 640 856 955 425
587
1 40 1
476
275 611 903 635 409 217 152 447 416 875 21 445 979 311 782 629 607 1000 341 747 253 757 16 279 383 196 202 714 180 817 737 278 7 799 330 208 658 233 16 404
880
1 84 1
63
485 366 944 476 68 538 763 425 930 366 304 930 780 192 248 581 923 116 150 455 847 858 1 539 975 630 700 133 808 553 302 653 176 309 314 63 157 358 250 447 375 708 861 114 863 629 162 248 483 87 967 462 359 99 555 984 1 621 748 435 736 904 397 736 338 71 896 628 977 862 780 148 834 494 251 422 474 839 571 987 44 456 471 737
83
1 37 1
457
58 582 589 162 909 926 220 672 247 198 550 43 660 980 555 852 623 582 265 823 961 384 169 171 376 968 740 704 673 847 103 979 801 47 185 760 701
715
1 1 1
880
771
87
1 70 1
836
724 338 486 356 566 380 975 132 494 103 427 480 157 250 929 709 333 619 833 64 738 899 384 654 698 601 629 97 638 863 608 84 640 275 146 372 284 547 760 379 107 121 825 153 939 486 919 97 842 229 178 173 409 887 351 823 894 559 1000 886 89 266 742 761 320 749 577 571 478 146
528
