100
1 74 50
617
979 684 760 115 930 338 495 24 513 306 872 87 283 276 932 275 283 554 58 771 958 819 887 243 164 126 153 777 770 220 896 380 640 478 929 845 626 398 785 106 557 689 930 848 480 193 309 998 380 769 324 537 945 474 506 329 78 635 690 362 628 637 585 638 608 556 729 352 428 585 555 972 481 308
63 490 867 431 571 234 641 902 766 257 263 931 576 337 242 734 200 759 471 985 217 941 72 113 122 904 300 416 249 860 986 440 3 835 162 274 674 4 200 484 499 960 390 153 155 344 756 659 934 3
1 20 68
620
747 641 745 23 406 407 63 276 515 816 681 500 832 806 558 504 933 912 393 570
784 274 673 275 801 638 218 555 87 489 951 239 734 985 289 188 862 954 617 305 729 832 782 123 432 238 44 27 802 717 305 298 483 104 645 116 997 860 781 2 69 229 804 161 572 692 47 89 984 637 3 360 567 28 606 356 480 63 214 687 910 455 738 220 561 464 35 497
1 56 98
517
699 828 209 120 25 782 775 90 360 675 90 347 561 88 884 994 666 149 930 10 994 570 134 846 463 38 967 884 150 974 191 463 623 330 641 623 474 867 828 308 361 401 977 288 500 889 981 58 555 564 995 598 52 522 833 273
609 509 429 91 701 923 285 701 707 67 424 770 442 800 155 418 129 347 820 810 339 586 213 239 679 751 453 88 832 948 89 404 163 114 330 328 746 745 795 691 508 26 650 781 806 800 80 553 107 885 807 164 651 456 199 598 411 659 484 301 720 787 80 32 25 882 193 753 497 222 46 292 702 492 35 356 713 927 774 165 826 650 150 348 487 494 520 794 232 52 781 79 699 684 51 532 391 526
1 1 35
302
42
365 13 725 392 451 776 330 522 89 763 55 173 980 427 344 683 48 141 310 170 108 330 354 221 50 593 797 444 531 127 115 250 417 533 617
1 54 73
484
544 706 442 528 825 346 932 394 173 747 445 45 777 287 523 984 987 662 282 177 897 357 653 555 307 756 705 91 722 209 775 209 979 819 555 361 340 489 637 568 106 728 988 388 373 27 682 901 305 453 472 816 513 370
998 202 665 283 407 608 728 41 319 325 8 984 570 174 756 709 11 159 542 203 477 632 618 110 330 794 138 770 157 92 694 166 342 458 623 434 170 932 825 488 43 549 75 39 171 930 556 985 81 58 236 119 238 469 844 347 607 797 19 74 39 241 974 212 527 929 658 228 21 411 993 283 919
1 75 89
890
442 296 635 396 862 641 1000 65 359 319 325 166 305 95 129 696 325 91 770 224 874 614 358 61 241 901 286 526 406 841 805 51 794 69 950 942 133 272 91 804 17 168 202 770 531 700 194 989 250 603 187 810 977 766 27 247 409 303 61 628 215 349 964 609 182 293 774 62 949 694 460 729 865 417 221
943 437 924 745 378 789 305 619 611 67 287 648 77 384 373 277 766 756 590 213 882 561 646 7 853 786 391 110 653 1 536 986 490 533 83 603 707 114 242 774 151 739 877 417 380 18 946 880 279 8 929 258 832 9 131 341 689 446 903 573 132 846 320 52 190 694 358 588 20 397 712 560 456 933 907 912 592 139 50 43 771 552 346 943 121 408 64 388 870
1 41 82
506
251 269 793 480 253 377 879 489 153 272 869 389 821 326 228 653 823 113 107 527 814 532 561 711 514 609 632 919 248 826 333 467 278 979 4 659 413 160 609 502 652
495 433 719 128 18 247 991 1 507 770 551 520 780 419 367 37 98 69 952 717 605 533 795 849 471 305 28 42 358 157 494 192 256 184 420 225 442 437 361 46 493 582 317 705 909 26 397 219 567 375 462 203 383 691 341 609 603 468 606 976 672 680 775 673 783 798 464 68 267 275 537 986 73 545 447 46 285 66 949 146 597 114
1 5 40
834
239 418 781 57 965
52 450 637 91 573 288 615 293 150 576 829 201 105 605 561 793 474 741 990 371 252 775 770 238 527 711 711 875 751 152 180 574 409 759 553 655 966 767 55 290
1 27 78
583
878 796 280 446 497 380 50 179 149 297 523 777 646 805 645 223 277 392 497 28 763 52 535 984 849 161 987
552 52 530 754 813 422 922 556 698 471 84 708 921 475 895 202 369 709 634 57 933 801 985 620 852 358 948 620 824 914 256 237 549 936 485 111 504 149 436 543 90 985 202 421 464 176 661 513 296 288 321 231 898 916 384 785 944 535 556 115 732 973 138 946 565 739 589 790 405 935 732 159 57 10 489 59 830 345
1 21 73
507
695 618 930 853 127 436 783 513 24 641 32 77 730 766 67 616 134 205 142 31 16
839 556 406 143 210 37 674 578 890 593 883 384 222 89 262 268 970 27 720 275 58 296 400 996 14 931 731 596 560 768 843 26 594 398 785 221 349 498 567 968 677 746 274 159 224 891 549 386 557 936 113 459 33 279 104 364 612 121 377 2 18 558 261 48 78 803 432 866 505 890 523 671 696
1 11 89
500
868 444 37 314 378 743 153 666 547 570 679
469 42 293 101 920 966 698 301 886 368 398 256 241 751 67 50 272 985 427 218 397 896 823 849 493 702 782 180 178 847 665 559 278 290 291 1000 149 11 381 501 685 416 783 716 82 678 467 877 218 143 68 725 39 986 828 698 595 312 978 166 525 526 778 106 225 668 375 904 958 289 812 861 769 376 952 969 496 779 831 100 816 930 53 759 831 792 109 180 982
1 28 68
78
294 434 139 836 364 982 489 367 123 257 199 133 931 932 260 189 186 755 524 752 229 514 228 321 572 847 36 363
787 715 449 418 777 427 302 777 687 307 798 947 462 929 145 37 29 751 961 208 126 346 631 660 372 152 751 80 228 374 181 351 92 343 658 244 724 841 703 686 312 642 653 606 439 848 614 333 259 957 227 467 349 393 139 386 324 738 141 297 442 382 323 12 243 209 579 161
1 82 42
365
387 671 167 981 672 217 858 681 600 19 31 130 457 20 635 932 224 364 298 919 891 795 18 800 204 180 759 524 202 992 356 412 613 551 83 715 70 658 145 885 377 20 817 498 248 671 3 696 877 922 897 271 915 1000 366 453 922 412 227 402 909 792 991 694 546 525 259 294 949 301 119 357 49 476 660 791 68 749 527 281 190 441
31 628 310 618 907 537 321 21 331 414 544 838 233 70 860 806 979 279 425 631 737 405 388 800 517 204 307 827 428 298 503 540 103 747 360 165 582 526 870 556 914 925
1 66 29
266
785 692 17 828 830 836 825 409 607 235 216 989 775 805 948 345 573 447 751 111 621 364 818 178 732 92 925 170 317 211 703 925 565 69 263 241 624 367 277 949 925 441 240 328 405 751 893 73 851 247 648 485 129 301 571 391 735 761 488 330 768 730 324 930 779 564
122 265 754 13 216 749 275 846 314 278 953 933 586 678 718 111 289 241 599 162 437 763 388 848 390 889 994 287 718
1 75 74
301
849 162 306 94 53 796 55 666 597 959 234 335 539 545 43 420 822 925 880 420 465 302 444 756 402 801 574 19 743 950 814 997 884 250 962 763 466 933 319 499 745 955 59 152 630 585 87 678 744 493 770 236 684 722 305 542 737 183 91 485 398 411 400 494 159 96 657 828 742 561 658 498 333 504 84
977 610 576 400 826 196 268 310 401 986 403 691 679 723 65 625 986 336 979 72 27 709 566 130 267 174 12 452 131 374 268 273 327 507 829 897 838 542 231 446 968 822 246 519 284 620 955 373 109 481 513 907 417 803 529 162 102 742 891 90 337 192 305 261 684 381 425 598 283 353 336 439 396 76
1 100 97
167
305 931 394 604 89 467 91 196 677 101 216 451 729 271 129 485 109 302 910 572 794 715 512 641 484 141 665 352 487 330 809 232 255 54 678 247 48 23 47 965 86 855 925 23 786 72 407 596 466 462 208 468 572 621 783 747 303 732 875 589 941 881 577 332 249 404 779 549 785 536 551 905 40 268 57 655 635 479 446 735 109 962 294 729 66 23 597 707 701 135 846 297 766 370 596 439 403 815 375 506
929 260 23 269 999 591 481 368 351 114 955 602 899 429 588 975 200 318 37 460 9 243 743 183 459 864 975 620 912 332 85 547 499 822 661 957 71 709 735 596 379 884 337 378 678 925 791 410 339 332 788 835 937 820 48 219 714 280 382 24 566 175 393 826 99 730 642 396 627 386 57 201 594 234 453 507 75 68 705 542 478 527 926 483 424 214 439 105 526 980 869 974 591 339 319 252 910
1 33 86
185
41 377 825 321 215 603 392 622 935 872 319 853 11 438 537 769 452 615 349 764 538 335 131 552 206 331 117 135 633 56 680 667 720
309 394 619 447 879 237 818 169 911 657 85 770 817 512 129 980 716 731 143 701 65 707 638 482 66 457 123 533 320 222 990 529 177 422 876 366 388 911 925 696 730 201 330 74 379 397 5 408 938 343 900 562 550 80 51 324 878 428 941 250 329 963 383 457 719 339 897 657 87 138 826 462 165 65 22 86 191 764 23 333 917 533 518 227 388 249
1 80 9
115
105 582 310 564 912 996 84 580 309 859 243 529 548 672 285 462 928 594 954 584 308 518 482 538 969 415 756 208 301 49 274 592 284 196 868 660 158 213 381 860 397 976 805 481 336 810 28 604 665 307 784 773 976 257 116 792 898 119 845 449 242 932 473 368 41 312 878 40 149 578 573 41 140 796 753 909 83 744 328 360
415 316 372 920 495 448 198 340 612
1 25 85
454
453 982 895 317 54 9 379 737 805 231 998 326 732 299 426 423 29 676 204 693 73 331 149 653 576
30 330 484 503 693 316 343 40 782 106 891 451 353 210 829 699 858 678 576 499 126 611 25 182 651 501 896 886 505 279 685 797 319 255 45 623 356 93 776 153 219 555 879 994 866 40 63 847 71 39 85 21 830 709 597 319 772 432 971 224 1 306 589 698 286 165 195 829 835 24 724 475 11 408 326 440 511 986 850 943 779 52 986 343 345
1 51 92
368
263 507 298 712 883 16 117 61 393 811 796 118 418 825 635 153 563 660 279 437 387 993 325 499 241 426 892 505 186 219 905 660 368 707 992 146 526 57 496 98 656 56 304 656 783 993 93 673 738 763 989
799 176 90 374 609 50 505 216 475 806 373 393 861 653 967 591 986 414 21 80 480 436 151 477 398 194 129 669 15 631 153 470 690 749 199 14 579 627 692 959 498 530 872 993 654 740 100 274 373 272 153 224 818 330 139 415 892 480 525 126 303 400 418 388 106 477 189 416 940 144 94 126 451 730 338 701 523 959 453 877 79 839 823 318 999 207 168 675 326 580 953 158
1 63 61
237
90 428 168 522 952 589 804 176 482 355 61 481 752 156 31 236 67 128 132 228 392 269 67 900 695 667 569 311 414 18 570 532 623 79 180 702 188 390 209 945 154 817 351 136 105 846 269 164 174 806 332 823 146 162 375 543 147 976 33 726 509 636 978
965 501 178 933 297 506 455 913 270 624 447 2 496 162 824 883 176 579 238 491 443 722 696 489 791 976 624 261 166 358 464 92 869 383 952 847 182 192 156 737 82 320 145 907 563 760 712 598 204 712 835 260 612 610 845 92 175 616 375 576 453
1 28 97
927
2 525 190 435 776 969 916 41 893 4 142 277 437 961 353 301 334 66 661 405 304 892 108 854 295 631 256 245
751 459 887 791 242 919 125 98 192 410 495 751 548 252 839 540 511 23 409 790 956 887 265 243 743 552 702 509 803 847 823 875 494 289 241 2 859 15 850 864 795 683 693 217 881 44 538 194 225 925 505 595 196 365 619 746 419 959 630 818 437 97 275 883 920 25 189 810 592 707 639 913 718 216 338 178 335 577 323 980 343 897 566 128 107 488 313 14 497 852 342 1000 604 777 518 248 455
1 39 49
805
711 690 737 907 613 331 982 579 822 790 94 526 918 402 298 341 757 813 322 995 154 260 284 362 708 445 623 393 268 579 423 575 910 277 107 624 495 188 633
553 456 798 420 32 152 964 724 805 720 708 948 399 479 276 696 380 822 996 725 521 406 222 82 954 965 429 268 847 456 247 952 84 410 297 202 267 827 581 186 95 532 186 238 864 590 537 122 310
1 83 3
931
3 468 164 626 560 550 696 214 101 906 574 9 801 449 611 706 771 819 465 897 517 691 924 962 387 55 389 339 317 186 144 108 423 583 776 850 98 500 419 384 67 345 936 435 593 668 644 497 156 266 524 101 49 635 444 857 90 3 622 984 778 65 391 134 6 526 595 95 559 755 792 697 356 503 744 752 341 652 913 612 770 629 31
824 833 878
1 41 59
776
568 649 709 407 331 255 964 450 912 197 284 951 317 926 205 440 732 666 265 798 117 967 105 16 574 565 411 264 534 238 605 802 951 129 940 370 793 594 173 745 179
671 380 692 540 241 891 593 543 805 698 334 358 94 901 984 510 321 115 389 928 365 586 710 39 941 848 13 413 947 573 615 560 498 60 445 538 576 136 413 606 646 915 160 294 614 858 416 970 248 644 904 330 921 249 592 885 480 640 187
1 42 40
942
795 946 432 56 666 550 170 313 252 649 50 192 922 890 636 4 982 221 291 463 714 270 158 386 4 655 534 9 589 639 234 133 905 146 795 287 522 623 547 48 781 370
736 58 310 965 191 137 806 597 244 252 42 424 701 603 744 222 382 132 683 67 768 749 149 135 522 40 244 335 105 70 925 780 323 521 709 981 288 275 903 924
1 16 71
995
811 100 261 73 685 710 630 868 924 780 996 348 608 597 437 770
735 360 625 972 687 683 52 686 697 620 484 854 529 916 733 211 546 27 240 171 494 820 794 184 739 294 48 286 697 139 897 588 696 521 148 661 143 18 399 962 983 507 921 894 526 174 72 653 943 467 756 17 14 402 517 194 201 774 55 689 75 102 843 802 938 373 562 428 432 196 714
1 10 53
275
768 668 671 707 291 966 17 293 294 849
820 369 582 19 552 693 825 943 282 904 63 824 497 399 109 389 731 369 175 851 652 437 82 672 507 667 955 243 56 552 231 722 5 67 280 827 809 244 177 915 603 605 991 349 809 304 219 227 364 959 712 304 375
1 22 2
333
988 560 554 781 408 72 717 347 831 573 478 372 482 822 787 221 179 718 767 624 928 532
725 684
1 41 70
391
538 712 409 539 738 894 232 875 665 148 991 977 400 127 401 197 850 683 875 235 969 472 625 34 827 441 328 117 412 370 542 583 580 525 445 600 345 929 127 406 959
953 780 690 796 852 574 185 313 829 933 667 842 81 175 547 646 25 335 411 705 227 438 12 735 881 935 255 164 94 252 715 455 32 159 139 733 511 987 731 633 112 344 351 953 350 125 392 372 942 703 300 479 757 56 465 559 64 195 982 944 608 468 949 692 72 988 433 728 628 946
1 32 28
934
973 483 226 998 845 585 85 867 595 976 954 934 426 374 405 380 991 937 130 249 225 578 91 145 62 377 447 929 107 81 128 251
15 708 784 192 517 649 665 80 412 425 936 718 524 690 365 639 879 91 938 857 322 534 645 159 351 395 68 282
1 53 64
644
90 399 246 694 20 209 343 754 882 438 786 722 986 950 60 223 562 353 947 230 484 19 36 685 416 355 160 763 852 931 626 973 354 562 567 924 830 316 259 964 291 779 540 136 337 95 381 905 693 761 913 46 444
677 162 364 461 181 789 686 619 123 644 537 19 791 360 630 640 342 344 682 401 395 610 691 508 287 789 928 473 117 649 571 30 808 908 587 770 877 17 745 223 357 455 988 585 675 443 272 502 116 891 266 209 412 585 318 615 452 472 689 309 273 189 315 180
1 45 92
147
479 127 959 327 270 190 811 1000 521 966 518 163 713 104 629 888 624 707 263 375 386 233 303 684 947 499 304 772 123 330 547 939 478 267 235 716 209 6 674 892 959 212 284 899 713
442 201 96 531 310 433 423 731 509 719 450 541 366 568 850 906 727 109 680 528 914 603 76 10 851 348 81 735 273 239 483 704 470 562 542 355 757 431 332 421 351 957 882 100 186 837 849 347 103 525 140 966 558 866 786 725 408 78 514 742 817 441 886 363 736 43 558 938 580 239 121 219 892 132 34 916 587 509 637 921 279 816 765 575 517 228 227 199 250 587 837 552
1 47 44
373
99 297 627 398 167 292 115 362 480 128 428 969 645 531 603 232 522 682 869 446 553 341 834 651 349 888 564 921 922 661 398 978 204 191 523 840 842 490 109 780 831 942 238 727 941 731 94
284 366 118 49 894 440 969 476 517 204 248 116 44 132 631 419 726 694 786 745 55 778 789 67 959 132 322 506 369 798 240 722 786 613 40 933 380 517 75 692 778 332 440 585
1 37 18
452
622 111 397 384 286 1 777 889 302 828 895 445 428 827 896 556 901 107 949 29 116 540 177 326 709 257 555 527 219 892 488 428 213 457 685 14 312
957 482 245 374 874 313 891 204 546 606 935 961 862 841 157 794 50 230
1 26 86
102
786 455 707 326 120 696 224 365 221 746 201 460 696 594 731 518 832 780 998 710 528 402 239 991 89 481
449 966 586 382 720 317 470 469 938 153 451 177 497 466 818 632 369 171 968 750 659 255 576 394 100 532 434 69 685 972 180 862 663 469 996 867 995 458 887 163 19 75 489 902 568 152 177 429 985 987 376 190 509 850 327 528 46 628 274 557 266 203 988 885 319 663 960 423 274 972 337 675 515 106 631 874 169 978 462 23 6 784 285 663 470 859
1 15 86
354
339 295 579 313 395 586 637 873 898 790 922 925 527 490 111
784 576 18 31 236 637 744 794 702 138 484 714 213 593 935 858 650 433 293 892 921 319 657 365 645 423 978 998 961 71 235 466 931 848 105 247 563 146 253 131 473 108 465 533 733 116 439 196 680 241 173 464 584 922 909 307 112 402 729 523 702 771 396 760 277 460 683 476 451 241 730 300 989 317 411 434 111 999 49 691 856 678 98 644 865 169
1 44 6
640
686 93 485 305 535 397 932 8 940 788 855 390 738 729 86 500 372 781 333 220 407 131 494 956 97 363 809 665 159 562 651 12 414 8 564 859 913 213 906 966 641 640 524 996
995 486 145 299 938 340
1 72 18
745
670 152 53 538 707 756 589 67 571 514 131 623 751 926 670 437 533 477 997 431 717 185 695 31 680 286 817 953 68 623 193 567 764 134 858 869 748 815 752 250 635 415 179 399 49 534 513 447 648 326 948 307 535 191 322 345 160 401 395 648 395 757 918 115 980 769 404 768 16 317 222 147
645 430 313 523 559 799 567 641 310 959 338 841 509 652 794 87 166 217
1 67 40
814
599 184 778 181 327 702 482 676 753 146 670 652 434 937 956 805 612 38 349 92 556 84 284 906 842 596 420 330 77 808 775 694 753 546 171 6 240 595 590 111 341 596 435 628 625 874 429 508 300 218 568 407 53 481 615 958 141 814 759 54 365 655 571 433 752 293 577
457 882 237 369 161 104 595 190 475 794 869 469 319 411 425 355 215 585 460 219 44 104 505 196 531 697 930 808 834 903 149 361 90 130 926 471 944 676 893 741
1 29 72
305
604 380 704 249 661 557 529 123 152 103 47 989 557 501 363 908 927 420 247 56 971 203 355 107 270 959 541 354 395
779 268 132 782 517 17 688 431 380 347 332 206 373 717 928 879 221 894 112 10 97 981 376 963 265 967 970 585 211 911 643 740 475 128 803 416 840 530 283 297 586 470 881 553 463 408 375 389 438 496 34 993 475 349 630 691 224 791 511 819 788 103 698 517 69 349 146 911 18 38 630 685
1 60 15
63
530 667 600 852 146 717 318 726 893 994 807 641 980 919 743 121 104 953 421 39 606 975 204 823 462 505 725 682 916 899 354 171 135 938 261 343 968 713 151 406 845 976 813 529 114 50 805 503 297 82 750 56 24 113 461 741 929 695 836 817
104 892 77 648 941 121 436 931 457 127 602 141 573 491 46
1 29 25
294
657 356 4 923 3 386 681 114 3 928 964 871 352 995 582 148 564 375 332 24 659 995 332 210 879 154 424 52 12
642 988 173 987 541 653 207 349 525 192 255 285 37 852 850 515 274 574 668 609 840 871 452 67 425
1 80 100
344
793 933 199 516 826 279 328 144 648 493 329 543 133 639 617 572 428 633 949 728 432 401 676 21 855 430 128 31 754 164 772 738 444 483 557 87 252 871 254 424 457 75 604 610 666 959 74 571 783 584 290 17 655 886 561 962 406 329 606 801 75 12 975 462 868 316 567 503 342 426 288 658 197 980 65 317 979 218 388 764
929 67 7 633 752 128 636 298 402 504 591 140 250 531 476 870 269 891 963 784 987 364 409 290 654 731 620 737 30 92 994 228 606 6 199 677 454 818 929 859 422 841 465 275 100 419 33 263 227 763 692 367 296 127 894 620 970 486 314 876 341 267 106 79 786 334 774 456 975 137 60 175 478 935 512 75 501 528 952 541 786 690 695 751 801 202 964 299 651 128 830 705 836 528 998 968 922 205 585 566
1 20 77
955
23 206 943 7 577 127 254 699 439 707 975 285 625 423 765 941 655 445 444 348
617 602 787 853 464 752 531 555 196 796 619 226 843 354 2 338 211 644 880 918 164 714 424 163 293 283 110 844 337 673 137 34 598 498 70 208 370 547 33 292 18 240 8 682 648 983 477 259 40 898 616 602 735 330 815 455 777 473 547 765 525 304 673 598 727 495 457 294 171 419 822 636 625 529 930 989 17
1 66 31
523
406 779 603 371 961 728 100 200 717 480 43 168 726 79 68 490 979 809 443 87 162 991 520 829 962 238 472 562 244 518 592 921 395 485 101 348 778 293 767 247 364 441 12 452 423 799 192 449 922 769 394 594 253 62 554 995 760 649 295 695 908 707 869 166 781 338
907 270 913 692 555 689 98 297 690 983 599 893 175 80 281 167 376 200 681 434 768 231 863 61 662 900 709 464 431 749 450
1 94 58
626
705 500 100 58 502 130 356 530 558 708 476 259 734 570 622 144 133 685 253 826 71 984 77 203 394 632 283 659 244 286 206 865 607 54 89 897 906 216 975 820 454 971 617 205 266 201 998 896 427 238 632 381 795 602 631 386 412 838 540 943 666 811 796 618 234 702 31 426 987 815 860 497 592 761 939 131 46 860 494 3 920 854 29 149 757 880 517 198 547 508 108 887 450 93
387 657 687 31 360 314 803 221 567 13 624 105 877 104 8 13 657 327 905 897 87 198 329 798 722 827 921 447 230 2 633 495 311 906 257 533 65 964 719 404 341 324 914 191 524 801 746 634 219 846 385 171 203 275 418 327 316 781
1 78 18
874
180 590 588 777 533 28 237 93 692 857 968 691 899 599 627 913 553 621 528 942 709 777 789 424 638 545 95 1 585 465 482 707 549 342 855 610 134 409 34 9 780 303 574 36 767 974 984 492 321 554 437 26 576 438 857 275 255 934 853 257 705 576 188 98 609 771 10 81 32 303 585 955 932 884 522 548 945 167
653 448 574 319 748 717 7 830 650 765 867 131 499 370 561 132 296 706
1 16 27
938
96 818 265 679 935 266 904 135 853 174 678 494 188 574 659 133
277 269 709 901 20 339 550 881 374 103 820 240 162 546 565 18 105 95 716 474 179 230 732 546 816 376 632
1 7 40
53
773 278 160 261 532 207 708
649 184 436 792 346 856 23 205 876 571 512 697 127 216 155 940 363 383 69 32 551 766 379 429 662 352 383 210 599 169 936 728 880 364 381 560 358 517 902 205
1 62 20
756
917 44 306 520 143 620 208 730 454 848 316 749 802 52 731 943 119 573 155 372 271 194 223 989 758 659 429 70 25 955 597 12 483 338 918 669 422 483 918 442 907 517 85 639 198 244 487 684 288 687 828 124 810 884 518 938 868 632 711 963 47 267
812 198 541 631 105 808 539 881 26 421 215 913 428 305 972 100 406 540 408 873
1 99 66
8
941 251 868 325 15 713 547 164 504 21 526 223 497 277 178 923 361 518 209 985 283 293 970 920 428 99 576 7 920 487 925 56 112 277 252 288 850 188 912 92 134 549 411 269 256 640 999 972 934 585 355 320 527 999 411 748 118 293 935 542 131 354 85 634 252 715 645 85 709 808 266 661 209 27 408 334 555 580 334 431 110 298 626 787 45 517 115 300 999 159 519 242 491 665 105 528 956 577 366
671 970 1000 813 756 589 18 145 525 38 607 516 674 155 470 833 566 111 41 654 828 980 412 444 710 758 903 509 120 157 547 153 483 286 201 301 742 423 406 137 167 789 755 859 215 596 376 61 580 930 88 944 816 968 440 132 182 94 778 117 372 682 86 115 780 901
1 94 49
666
131 620 871 124 229 985 92 666 573 386 81 906 158 950 36 928 592 489 927 736 956 758 754 464 821 856 759 211 606 605 423 715 894 384 906 406 320 497 76 148 487 523 930 938 727 418 196 422 639 375 389 496 50 122 853 49 684 627 976 19 322 613 871 493 778 423 444 225 338 295 738 947 684 581 267 400 463 954 708 65 129 508 587 691 688 239 49 4 280 257 665 923 182 73
1000 836 195 669 807 1000 333 896 764 485 663 628 103 727 233 953 936 98 322 978 838 963 905 144 753 258 52 989 953 334 543 111 896 93 862 8 66 654 430 86 997 109 741 307 379 42 634 579 268
1 15 25
505
420 259 633 3 169 388 972 434 151 809 259 577 19 334 530
215 144 897 295 145 608 649 847 458 567 958 660 964 660 891 707 832 724 32 694 506 61 820 546 760
1 84 83
857
723 575 503 594 91 633 477 628 529 863 892 33 536 848 865 533 276 818 54 753 190 925 19 858 121 457 363 952 135 31 8 635 832 85 932 768 41 883 182 209 525 171 429 59 555 62 500 937 611 912 314 534 790 597 717 751 249 214 698 542 997 420 467 827 895 821 349 117 783 179 485 998 39 562 711 621 922 194 651 221 78 714 964 587
575 118 286 53 90 983 260 317 410 265 3 437 299 562 678 708 401 157 398 414 723 238 286 250 338 513 233 373 584 611 576 637 887 194 796 992 887 489 188 434 18 363 948 372 240 72 386 122 379 845 686 229 142 14 301 343 343 183 626 846 749 136 922 287 688 142 378 340 356 246 127 184 801 269 218 534 987 467 470 850 504 230 375
1 59 35
921
384 501 815 746 482 482 267 821 134 799 286 572 573 678 692 673 131 211 173 513 518 415 968 558 168 598 302 863 840 623 443 734 448 655 766 173 343 123 682 782 261 440 318 286 919 432 175 782 497 436 717 286 184 488 506 309 714 912 663
417 492 813 689 903 275 171 240 184 471 946 641 441 409 727 513 717 622 375 521 777 315 472 954 483 728 435 534 528 937 1 677 329 775 697
1 49 30
724
897 190 135 813 594 89 822 888 260 715 374 918 8 206 904 562 304 838 138 444 462 330 620 455 134 355 742 952 952 319 461 413 325 154 548 728 843 891 527 911 315 230 739 562 960 595 633 800 402
98 338 349 416 264 668 372 140 563 467 93 241 455 859 444 663 162 1 934 727 2 705 136 498 601 745 158 99 802 69
1 41 87
828
492 727 78 104 13 133 414 235 309 680 371 68 235 981 625 649 163 882 83 615 111 524 648 172 294 423 519 62 67 61 517 956 805 224 720 442 126 578 950 90 915
265 847 645 919 913 812 194 252 313 82 725 447 927 303 177 511 695 432 968 370 878 492 334 123 318 113 78 387 738 281 412 315 393 296 658 340 407 309 22 132 767 155 456 350 109 106 682 764 703 919 712 51 956 85 238 898 589 702 145 760 8 298 510 66 883 370 342 958 677 698 195 376 816 225 420 622 899 302 516 297 268 849 265 931 434 770 801
1 21 6
126
489 839 557 290 963 187 497 510 905 845 437 484 467 464 793 164 572 180 966 131 355
697 489 552 910 78 97
1 65 78
674
762 434 132 46 541 179 30 168 293 833 268 628 364 737 996 678 525 933 558 805 548 542 122 156 137 575 946 293 467 857 33 90 841 855 499 298 996 13 414 396 48 674 550 914 713 919 943 69 242 323 323 513 641 132 931 461 207 452 378 354 763 902 85 46 982
299 519 907 593 862 417 976 2 544 471 444 102 656 757 858 904 83 752 30 304 332 841 114 527 432 508 901 614 544 839 857 182 308 590 935 697 929 515 569 952 798 18 324 743 97 251 352 83 113 129 414 299 479 7 669 500 846 786 992 262 28 866 903 364 852 690 713 993 562 822 883 758 698 220 952 440 741 684
1 38 13
81
278 232 851 129 426 794 836 465 249 528 189 170 198 508 184 984 997 795 501 928 785 942 406 249 554 485 664 676 906 909 982 886 475 729 59 300 983 318
892 133 562 297 696 899 832 604 197 875 415 45 528
1 57 79
360
917 888 321 239 7 997 533 182 210 48 924 804 731 574 684 403 922 889 811 696 857 370 597 229 417 203 546 372 399 772 587 322 36 629 986 101 58 923 41 44 754 680 739 873 986 667 391 725 235 745 772 865 105 7 638 461 468
462 53 199 484 385 870 401 929 29 371 207 376 133 790 451 921 930 460 327 797 571 668 847 798 431 870 216 766 564 552 401 153 418 612 180 711 674 557 809 105 156 80 24 125 818 16 160 277 431 417 153 217 770 326 802 405 197 71 544 277 301 786 885 364 733 385 752 868 563 484 526 784 215 941 276 886 68 282 96
1 96 24
644
225 276 978 405 277 961 161 510 81 845 405 540 321 458 922 502 872 938 742 468 530 689 518 120 222 919 81 429 271 398 140 594 561 116 212 835 593 493 570 837 174 553 272 876 883 629 730 555 598 25 400 94 442 453 816 167 489 945 448 604 334 175 609 634 310 431 423 600 630 271 748 442 800 93 389 591 103 571 45 530 970 653 197 42 454 993 853 998 875 292 731 569 272 941 250 613
763 168 423 951 785 394 653 255 179 332 248 459 289 830 334 591 409 497 818 675 424 8 378 168
1 52 52
768
3 707 557 481 796 629 945 782 900 458 720 459 908 875 822 258 605 827 811 183 181 962 434 308 565 887 987 650 406 950 88 989 305 197 949 570 5 495 512 399 723 668 824 351 574 958 435 506 887 23 383 93
244 52 65 986 792 624 788 175 126 486 698 563 207 400 798 67 115 293 969 416 428 26 627 857 750 400 450 941 106 21 390 317 506 874 381 594 407 89 882 11 150 512 607 944 689 854 740 496 849 865 432 643
1 82 64
149
310 918 23 472 363 377 764 788 281 193 256 334 868 252 383 291 200 319 54 703 290 557 563 30 963 520 432 157 535 903 375 254 260 27 615 567 214 287 805 606 951 148 310 195 28 119 688 714 114 640 577 483 39 824 791 328 262 421 246 426 578 348 320 248 755 421 790 990 415 444 621 302 679 81 724 429 978 45 913 156 184 383
212 153 636 362 492 690 549 125 653 550 766 480 482 560 520 989 15 520 593 770 1000 328 982 986 917 776 300 682 519 118 620 111 60 134 309 602 318 33 84 420 937 509 702 796 171 81 110 98 231 187 801 863 298 688 191 851 566 184 756 203 588 963 964 613
1 60 70
929
529 992 511 14 488 339 87 45 150 280 273 78 993 74 179 422 591 315 342 386 723 848 615 146 814 536 20 380 457 968 850 892 9 204 995 822 891 499 293 784 463 303 213 214 386 48 963 35 659 957 383 144 791 174 361 845 727 200 678 954
591 382 726 256 154 896 939 456 25 283 372 56 698 717 543 542 285 603 549 898 882 625 974 716 382 164 622 935 637 440 976 937 89 410 686 663 640 9 691 554 172 61 951 144 939 412 786 601 559 965 548 999 264 667 312 120 789 496 841 36 922 715 741 933 315 447 726 863 343 794
1 74 72
55
956 334 806 96 978 596 323 195 901 127 313 767 320 785 504 556 631 352 108 157 9 43 170 235 698 891 971 71 324 577 530 275 173 686 943 13 763 802 670 273 92 988 162 794 35 459 666 461 996 423 925 115 145 39 322 473 573 464 793 429 821 606 269 766 111 522 74 592 346 144 211 987 253 28
245 984 708 401 192 208 700 333 987 368 136 100 166 148 420 680 187 727 966 674 270 372 869 400 84 325 418 18 39 517 779 130 295 44 398 736 773 631 859 903 41 361 722 768 651 122 651 824 590 137 148 353 648 801 21 562 143 574 55 820 558 3 243 666 524 762 176 859 390 319 860 504
1 57 7
324
404 957 110 293 670 600 170 694 968 625 321 694 216 858 758 185 27 273 2 712 9 887 323 63 918 923 380 268 724 100 912 583 374 418 952 266 320 352 212 974 330 520 430 807 75 866 122 525 922 907 209 385 504 46 749 272 786
257 559 103 746 999 412 691
1 29 58
747
862 275 199 813 217 90 112 721 525 852 527 390 176 940 183 583 982 755 937 290 781 532 33 749 800 621 851 677 227
778 340 700 558 144 549 718 554 394 442 736 600 460 809 950 769 74 814 136 432 411 676 752 148 344 773 810 537 827 42 328 334 885 630 313 322 696 876 950 520 838 146 785 625 324 189 426 144 927 627 479 376 905 160 407 946 912 80
1 47 24
612
865 506 882 359 303 800 73 656 272 391 520 994 590 77 603 534 637 146 168 946 496 236 154 931 690 348 825 734 258 817 396 725 228 867 237 821 936 650 311 179 210 213 118 927 901 582 138
936 436 666 674 55 543 126 729 128 926 437 520 651 365 39 792 577 172 820 49 378 618 486 204
1 90 19
354
588 969 209 391 272 323 165 335 118 816 852 699 284 231 762 191 755 623 969 83 53 38 937 644 451 616 726 351 19 416 831 57 639 974 835 174 313 237 550 68 330 888 561 795 546 872 575 867 833 260 795 538 396 142 159 528 755 222 400 665 608 53 597 807 778 880 78 625 639 535 42 5 296 9 776 861 918 22 583 968 130 369 841 912 762 431 794 195 104 648
510 208 716 489 857 464 546 884 336 815 638 493 580 885 580 937 335 742 988
1 43 42
218
40 647 9 180 6 125 47 276 595 518 656 837 376 709 808 131 108 843 577 771 698 569 506 129 931 865 617 729 160 394 917 845 255 473 194 165 367 876 225 452 777 107 75
735 45 256 835 361 782 949 461 809 211 980 735 933 867 113 442 432 772 364 293 526 921 627 398 745 117 173 629 492 552 288 128 484 645 180 869 647 605 545 431 988 316
1 55 42
341
469 6 717 877 250 245 651 313 681 914 956 453 521 823 760 667 35 552 850 300 461 441 114 61 818 322 953 392 790 672 277 14 680 609 620 63 552 115 382 430 752 977 875 347 422 267 571 350 951 561 948 397 336 581 734
922 574 762 795 492 605 892 746 56 358 373 810 493 25 625 187 329 962 599 937 922 520 781 890 229 472 815 711 901 680 515 943 880 648 212 646 404 859 320 60 545 498
1 34 63
850
365 296 983 732 785 90 935 618 209 817 644 994 821 285 383 643 192 208 780 411 211 310 643 787 33 553 492 26 38 136 390 478 49 591
637 842 643 883 222 593 274 636 920 49 695 420 192 994 457 838 144 77 523 96 398 42 257 635 341 945 986 321 178 58 170 382 205 432 935 734 770 817 270 398 11 297 514 951 524 195 744 742 26 217 841 855 305 715 989 119 880 387 768 968 91 721 556
1 37 63
179
441 56 476 879 844 187 213 321 923 390 306 194 313 613 547 88 591 215 74 361 528 842 396 93 49 948 208 667 806 272 165 827 920 708 521 483 747
491 3 320 51 900 778 411 38 917 39 877 556 445 636 696 172 749 368 276 465 754 355 563 977 11 660 994 181 913 274 484 572 943 206 428 171 559 448 863 919 759 961 731 99 382 837 376 205 807 931 98 554 833 157 496 330 168 914 980 142 380 547 935
1 23 15
120
495 766 183 113 514 125 284 943 351 560 280 164 992 555 721 162 146 76 866 581 886 604 812
574 367 280 665 536 795 892 4 121 684 259 716 399 145 293
1 56 37
28
106 31 329 637 302 768 221 296 439 448 993 92 807 667 50 395 336 707 921 76 14 850 781 243 498 92 832 25 106 326 175 273 710 167 907 745 38 289 165 857 240 204 951 235 605 784 125 590 83 964 329 825 653 8 78 457
558 395 349 607 588 674 507 465 753 830 236 195 406 112 56 650 336 492 659 949 220 327 123 856 582 311 290 54 485 862 972 42 787 337 522 882 992
1 88 37
518
617 798 160 496 498 953 240 883 405 554 990 254 503 992 315 798 415 71 423 802 840 913 650 414 51 188 718 507 310 695 332 154 644 726 474 777 834 445 926 495 652 400 282 313 82 81 796 79 674 531 544 880 899 299 924 962 939 335 72 327 166 31 760 913 603 823 919 341 860 558 401 5 59 113 758 240 68 721 734 516 299 35 725 564 418 750 597 44
22 487 234 137 167 464 246 326 330 415 130 648 53 402 493 987 151 105 180 774 449 36 222 930 997 971 755 496 873 676 769 48 744 335 626 157 230
1 97 37
765
640 407 815 569 229 150 69 356 715 650 153 438 590 560 396 733 831 757 457 165 3 563 193 845 316 475 583 246 981 119 859 496 295 970 804 994 745 47 998 174 628 35 68 207 668 376 103 207 10 142 572 834 766 744 355 233 434 41 931 627 98 737 532 863 120 872 757 310 924 605 51 496 560 267 515 462 689 825 470 936 169 228 507 98 346 228 683 495 861 968 902 786 353 334 123 293 911
131 516 825 225 459 999 72 395 734 57 226 257 544 174 402 200 466 548 508 322 850 741 893 657 348 442 135 684 523 76 88 335 697 54 390 260 566
1 33 24
240
36 924 753 384 378 290 163 229 657 577 330 215 612 454 561 394 556 21 65 948 132 658 501 573 984 169 226 538 727 654 908 542 431
154 684 550 815 659 830 743 823 335 486 23 604 381 498 340 385 240 851 820 423 640 989 123 780
1 18 19
490
493 627 915 670 872 918 926 777 443 308 102 691 506 499 365 675 31 504
496 139 132 534 281 872 630 3 487 984 179 372 52 772 384 289 650 149 81
1 47 51
477
290 477 656 4 603 446 210 665 367 521 72 494 983 700 524 329 98 285 758 521 945 377 978 44 618 177 696 249 792 354 433 20 12 127 825 908 413 437 776 669 98 963 186 186 840 996 286
123 552 618 540 462 47 72 87 973 905 756 43 684 784 919 920 998 782 490 36 251 938 888 918 8 414 210 278 907 655 995 731 617 487 168 581 541 141 467 513 943 171 261 890 47 327 269 572 837 403 706
1 95 16
672
531 974 287 811 129 909 392 517 182 302 827 197 748 739 828 767 697 462 28 729 737 190 410 857 168 622 96 281 4 868 66 372 32 403 209 856 374 525 982 48 452 640 938 876 647 683 298 591 173 318 96 45 196 708 716 175 440 142 977 621 834 772 188 206 108 602 696 383 880 798 837 230 400 650 326 385 569 186 529 864 489 43 346 556 775 525 513 794 729 63 314 616 872 30 771
803 505 857 983 779 989 412 401 547 71 895 629 944 5 283 296
1 28 48
663
90 606 910 141 135 775 246 287 48 356 531 449 455 795 475 315 320 367 132 254 181 133 109 121 86 881 970 168
28 639 907 852 995 365 858 613 338 541 479 3 584 897 129 908 517 903 467 832 306 732 241 905 454 837 670 342 493 216 428 727 807 33 430 26 707 416 685 388 158 304 997 651 348 843 780 872
1 81 75
290
325 239 144 485 994 563 615 418 211 694 476 424 443 227 655 768 990 684 988 278 840 51 654 683 145 974 631 480 209 52 177 197 878 276 556 951 950 252 557 783 123 71 111 407 683 584 568 528 817 339 682 288 84 571 293 191 545 966 62 16 775 876 46 964 959 222 562 609 454 532 834 794 265 431 847 481 364 949 502 560 455
90 540 452 861 259 365 314 466 302 22 612 832 710 674 476 822 243 780 561 254 438 115 615 481 282 163 137 506 445 565 113 956 766 861 40 624 728 204 250 238 364 610 416 528 638 665 841 638 62 9 634 241 183 99 226 192 964 261 371 584 149 625 498 500 609 346 160 601 558 380 881 947 795 550 217
1 51 27
38
283 179 362 713 388 754 152 302 336 25 289 331 603 736 502 886 843 112 990 430 891 127 890 603 21 919 839 346 154 414 56 865 193 238 318 913 691 859 741 441 431 21 827 230 751 707 248 736 805 672 757
360 299 426 891 646 382 564 1000 392 270 310 848 12 469 259 310 262 169 576 566 621 616 396 120 551 279 826
1 57 27
19
348 786 964 289 441 412 859 399 278 77 784 28 451 204 105 894 400 356 763 226 790 238 943 154 340 522 952 896 994 49 267 775 150 422 435 616 153 27 857 266 196 303 485 131 164 469 995 379 807 504 100 504 498 322 416 539 834
772 437 641 699 184 367 350 751 666 132 724 198 901 930 794 239 113 688 464 521 2 830 326 496 565 458 635
1 7 83
507
462 768 27 90 616 493 190
990 468 913 955 321 982 910 980 651 10 768 902 302 204 336 774 99 518 279 886 554 951 118 809 982 973 922 414 247 743 629 804 977 193 591 339 618 948 836 586 849 161 983 811 522 610 636 207 30 462 922 127 887 367 127 8 72 946 294 570 211 114 860 573 797 848 137 49 68 627 409 721 88 745 498 978 71 943 111 477 795 787 411
1 2 67
986
618 774
593 145 962 219 350 238 334 68 632 202 8 234 305 682 307 869 277 941 744 274 952 696 373 126 193 957 659 900 295 450 674 226 535 494 3 498 991 862 609 828 42 398 445 233 736 355 397 698 857 373 321 511 959 298 546 539 117 820 590 140 975 805 868 401 559 697 72
1 61 66
932
824 460 625 908 772 78 960 548 420 666 292 432 897 313 720 175 822 498 205 909 763 111 733 916 456 470 343 815 831 200 876 610 875 161 232 777 1000 757 172 107 640 924 105 322 44 57 295 178 780 789 307 236 301 890 599 271 161 215 91 25 181
24 977 359 995 822 758 391 544 482 516 518 672 393 565 731 5 501 643 431 311 881 98 471 933 982 606 423 889 214 833 165 34 516 484 975 995 278 975 986 641 673 604 777 73 184 278 702 704 360 551 168 228 922 430 601 344 782 1000 554 493 504 925 981 915 538 107
1 59 50
344
304 414 382 416 792 216 498 711 120 608 669 760 50 520 645 652 574 345 637 511 587 327 728 20 590 907 420 48 537 155 345 172 819 468 285 708 768 327 277 244 853 777 642 739 474 533 509 63 580 484 1000 256 830 173 115 393 371 215 624
776 971 355 12 543 240 38 626 979 27 284 253 754 144 265 457 305 475 424 615 827 629 495 627 750 615 1 132 632 729 875 888 887 168 811 321 485 218 881 768 50 567 273 76 340 558 481 647 433 121
1 14 61
846
131 227 335 338 881 184 285 556 218 241 537 636 174 167
835 326 889 109 605 343 44 329 758 410 568 768 526 88 977 542 96 58 375 450 757 444 191 338 589 615 80 799 265 187 322 567 764 120 89 483 288 695 432 837 308 570 191 960 651 596 943 524 120 446 980 220 941 47 865 502 83 688 706 830 852
1 30 99
356
299 317 48 934 507 288 878 763 40 829 387 549 953 594 115 625 958 433 279 267 673 698 705 140 816 156 554 342 147 762
91 776 492 34 6 836 688 818 504 934 152 940 437 112 628 272 520 936 909 671 542 851 517 277 750 434 542 521 559 619 251 383 638 91 767 700 402 494 904 313 525 873 599 624 634 879 223 259 894 968 56 981 677 760 767 688 681 147 308 957 305 446 823 155 524 617 951 646 408 216 177 168 92 289 777 118 606 304 168 297 961 589 667 709 423 455 323 478 639 714 318 510 540 188 410 315 369 566 569
1 80 38
838
77 622 313 322 769 340 85 938 133 382 476 601 627 90 756 54 699 748 108 386 45 803 89 64 459 843 455 513 292 522 603 939 963 169 301 845 854 922 219 473 106 529 416 95 996 720 923 154 730 154 36 890 464 548 193 709 87 587 575 50 232 742 956 972 446 713 689 567 281 906 877 370 534 900 461 497 860 30 784 453
249 880 22 362 243 49 176 606 931 463 114 497 36 988 701 205 530 9 122 259 133 994 889 79 772 525 527 762 638 608 214 706 739 927 574 368 785 415
1 13 52
866
157 2 293 367 610 867 43 725 987 622 230 932 809
590 79 72 435 311 6 458 258 5 668 205 417 62 111 314 433 856 932 193 458 752 438 749 766 944 892 946 872 620 753 13 594 354 53 56 156 179 185 712 64 954 224 709 513 992 57 278 252 306 168 551 679
1 36 44
103
538 963 499 542 121 882 449 48 287 729 873 798 884 995 782 460 422 939 460 453 636 162 727 798 535 221 152 280 733 578 222 655 236 995 4 423
272 628 156 687 537 847 704 797 636 23 568 881 467 521 461 790 468 422 385 331 963 349 953 55 269 829 657 139 522 344 450 209 533 260 194 786 564 563 56 846 623 378 474 348
1 54 61
178
180 914 656 430 170 181 494 618 497 329 614 22 728 78 784 728 670 453 839 918 932 361 125 28 178 439 927 201 613 686 463 268 321 745 280 444 937 898 57 645 464 145 601 678 555 306 387 630 413 628 494 839 878 189
556 44 473 83 781 420 377 869 31 48 79 584 172 457 322 294 201 530 364 905 622 437 893 78 910 833 663 940 589 977 69 147 905 232 456 129 862 113 695 679 114 603 418 459 82 696 851 679 895 295 106 734 649 560 516 695 942 53 599 826 774
1 17 99
150
798 146 502 872 883 707 448 11 8 557 669 20 575 607 887 689 119
382 260 630 218 659 825 94 868 274 17 887 455 10 45 378 481 988 205 373 127 226 237 575 243 197 195 440 648 914 484 834 422 523 662 632 745 934 912 210 588 340 166 26 307 656 513 742 614 209 67 130 97 510 392 601 944 677 808 144 24 41 24 727 945 758 625 117 727 433 624 703 696 216 476 100 560 43 447 960 496 830 59 779 541 405 470 798 876 363 864 689 931 486 321 371 171 490 608 991
1 52 22
656
100 731 704 377 353 216 43 435 43 143 570 364 574 754 891 840 538 833 433 183 548 887 250 803 120 908 855 444 211 264 924 705 669 793 702 205 796 521 305 148 51 968 308 801 777 49 84 878 142 539 764 686
481 966 318 890 132 744 428 726 377 12 47 335 342 309 257 740 395 796 270 350 900 604
1 38 98
262
699 193 781 918 623 826 900 233 835 332 188 65 912 786 382 743 772 62 811 532 845 898 907 964 628 614 355 800 126 70 165 302 37 79 961 134 70 87
90 595 724 94 163 277 626 372 416 87 365 921 16 962 495 259 88 949 784 223 508 7 983 247 142 891 7 36 224 646 173 184 790 609 701 147 861 445 84 632 89 935 607 844 98 82 323 138 85 892 14 437 985 118 723 851 624 499 587 251 182 932 582 651 814 701 690 480 39 784 498 130 45 900 879 747 332 289 900 429 88 547 539 693 376 321 413 720 712 729 183 224 806 489 560 618 700 676
